concentrationShape = 5.0
concentrationScale = 0.445
thetaShape = 2.0
thetaScale = 0.001
ancestralThetaShape = 0
ancestralThetaScale = 0
thetaParameters = 001
tauShape = 1.0
tauScale = 6.5
bottleProportionShapeA = 5.0
bottleProportionShapeB = 1.0
bottleProportionShared = 0
numTauClasses = 0
migrationShape = 0
migrationScale = 0
recombinationShape = 0
recombinationScale = 0
constrain = 0
subParamConstrain = 111111111

BEGIN SAMPLE_TBL
Crocidura	mt	1	1	12	6	12.17335	2037	0.31418	0.25732	0.11597	Crocidura.fasta
Cyrtodactylus	mt	1	1	6	14	4.96143	1413	0.32164	0.27709	0.18956	Cyrtodactylus.fasta
Dendrelaphis	mt	1	1	6	6	3.88858	1063	0.3284	0.26557	0.11906	Dendrelaphis.fasta
Gekko	mt	1	1	8	11	3.91448	1297	0.33395	0.28914	0.12237	Gekko.fasta
Insulasaurus	mt	1	1	22	10	2.10202	763	0.35955	0.30194	0.12976	Insulasaurus.fasta
END SAMPLE_TBL
